0 2 40
1 2 40
2 2 40
3 2 40
4 2 40
5 3 40
6 5 40
7 7 40
8 7 40
9 8 40
10 11 40
11 13 40
12 14 40
13 17 40
14 18 40
15 19 40
16 21 40
17 23 40
18 27 40
19 30 40
20 30 40
21 30 40
22 31 40
23 33 40
24 35 41
25 39 41
26 41 41
27 43 41
28 45 41
29 47 41
30 48 41
31 51 41
32 51 41
33 51 41
34 51 41
35 52 41
36 54 41
37 56 41
38 56 41
39 56 41
40 56 41
41 56 41
42 56 41
43 56 41
44 56 41
45 56 41
46 56 41
47 56 41
48 56 41
49 56 41
50 56 41
51 56 41
52 56 41
53 56 41
54 56 41
55 56 41
56 56 41
57 56 41
58 56 41
59 56 41
60 56 41
61 56 41
62 56 41
63 56 41
